,NIFTY,Oil,Copper,Gold,Silver,Alumnium
NIFTY,1.000,0.380,0.842,0.833,0.606,0.904
Oil,0.380,1.000,0.637,0.366,0.494,0.538
Copper,0.842,0.637,1.000,0.858,0.828,0.928
Gold,0.833,0.366,0.858,1.000,0.828,0.839
Silver,0.606,0.494,0.828,0.828,1.000,0.674
Alumnium,0.904,0.538,0.928,0.839,0.674,1.000